          0.32941992
         -0.04255547
         -0.02288493
         -0.55595569
         -0.07342932
          0.00007818
          0.00871377
          0.00085062
          0.00000274





   AtA
         -0.36837112         -0.26435994          0.26358485         -0.37893280          0.19576437         -0.02580618          0.12707335         -0.03699050          0.00277836
         -0.00008312          0.00078476         -0.00011914         -0.27804189         -0.00417382          0.19895053          0.43079268          0.14776049         -0.00040744
          0.09591336          0.04205294          0.00209707         -0.00000131          0.00059232          0.00013545         -0.00974410          0.09604013          0.00697231
          0.04410555          0.00517833          0.00937521          0.00336133          0.00430548          0.00007349          0.00003020          0.00002076          0.00001387

NumIt:1
Calculation of normal equal by using RMS...

   AtA
          0.27329531          0.09254342         -0.11341210          0.01837431
          0.09254342          0.07988133         -0.07312894          0.10359033
         -0.11341210         -0.07312894          0.13446617         -0.01451960
          0.01837431          0.10359033         -0.01451960          0.33427302


   E
          1.00000000          0.00000000         -0.00000000         -0.00000000
          0.00000000          1.00000000          0.00000000         -0.00000000
         -0.00000000         -0.00000000          1.00000000          0.00000000
         -0.00000000          0.00000000          0.00000000          1.00000000


   AtAinv
          9.07115531        -20.97386421         -3.12236985          5.86549813
        -20.97386421        127.94435101         47.96028418        -36.41350779
         -3.12236985         47.96028418         29.43808791        -13.41245249
          5.86549813        -36.41350779        -13.41245249         13.37101448

mu=0.0166034781147778
m 1=    0.050007
m 2=    0.187806
m 3=    0.090085
m 4=    0.060713
   X
         -0.16802004
          0.68791798
         -0.17757898
         -1.30493873


hmin=0.500000 sgmMin=0.072190
pars[  0]=          0.58401002
pars[  1]=          0.15604101
pars[  2]=         11.30718029
pars[  3]=         12.55476822
          0.00015748
         -0.07468113
         -0.02298799
         -0.22460511
          0.01834612
          0.00190829
          0.00163184
          0.00032651
          0.00000537





   AtA
         -0.00019224          0.01254912          0.00006916         -0.00369062          0.00009998          0.00251088          0.00008876         -0.00073843          0.00000811
          0.00004129          0.00000282         -0.00001214         -0.70800311         -0.09770709          0.25470426         -0.02777056          0.36819686         -0.01954963
          0.32688954         -0.00555645          0.02988287         -0.00032148          0.01036903         -0.00009137         -0.00199200          0.08515797          0.00071662
          0.03146118          0.00103594          0.01703875          0.00091972          0.00629488          0.00008408          0.00028019          0.00002917          0.00010351

NumIt:2
Calculation of normal equal by using RMS...

   AtA
          0.63773542          0.06181509         -0.05966233          0.01755754
          0.06181509          0.01763503         -0.03120252          0.00556032
         -0.05966233         -0.03120252          0.17183992         -0.00886255
          0.01755754          0.00556032         -0.00886255          0.00184569


   E
          1.00000000         -0.00000000         -0.00000000         -0.00000000
          0.00000000          1.00000000         -0.00000000         -0.00000000
         -0.00000000          0.00000000          1.00000000          0.00000000
          0.00000000         -0.00000000         -0.00000000          1.00000000


   AtAinv
          2.98961579        -40.20678311         -1.97038293         83.22603130
        -40.20678311       1915.89421050         74.39931949      -5032.08576171
         -1.97038293         74.39931949         10.70199561       -154.00287251
         83.22603130      -5032.08576171       -154.00287251      14170.23563315

mu=0.0343689997647110
m 1=    0.059426
m 2=    1.504363
m 3=    0.112434
m 4=    4.091244
   X
          0.25002017
         -0.61759472
         -0.23327751
          1.74481082


hmin=0.250000 sgmMin=0.148496
pars[  0]=          0.52150498
pars[  1]=          0.31043969
pars[  2]=         11.36549967
pars[  3]=         12.11856551
          0.22726199
         -0.03536458
         -0.02267514
         -0.38848494
         -0.02565553
          0.00057378
          0.00156941
          0.00027173
          0.00000216





   AtA
         -0.30231579          0.28209056          0.08173406         -0.76354608          0.14935070          0.04884106          0.12672266         -0.13220010          0.00634329
          0.00038897          0.00203645         -0.00105285         -0.55353497         -0.33063659          0.14965365          0.74931531          0.27345855         -0.05724630
          0.23202700          0.12973619          0.01161445         -0.00045591          0.00372871          0.00103323         -0.00208772          0.04362928          0.00056443
          0.01561631          0.00103138          0.00755396          0.00087512          0.00270380          0.00004381          0.00006016          0.00001406          0.00002153

NumIt:3
Calculation of normal equal by using RMS...

   AtA
          0.49506157          0.08929232         -0.02511619         -0.16823139
          0.08929232          0.19651917         -0.03348765         -0.47632304
         -0.02511619         -0.03348765          0.09899096          0.06309249
         -0.16823139         -0.47632304          0.06309249          1.17903775


   E
          1.00000000          0.00000000          0.00000000          0.00000000
         -0.00000000          1.00000000          0.00000000          0.00000000
          0.00000000         -0.00000000          1.00000000         -0.00000000
          0.00000000         -0.00000000          0.00000000          1.00000000


   AtAinv
          2.84432806        -16.62250852         -0.91121852         -6.26077284
        -16.62250852        389.64046604         29.79431177        153.44589887
         -0.91121852         29.79431177         12.79753552         11.22185726
         -6.26077284        153.44589887         11.22185726         61.34540139

mu=0.0391091174801388
m 1=    0.065958
m 2=    0.771987
m 3=    0.139908
m 4=    0.306316
   X
          0.12911657
          0.15392904
         -0.22946704
         -0.29999750


hmin=1.000000 sgmMin=0.031828
pars[  0]=          0.39238841
pars[  1]=          0.15651066
pars[  2]=         11.59496672
pars[  3]=         12.41856301
          0.00369903
         -0.07399307
         -0.02298764
         -0.02647094
          0.05366704
          0.00018300
          0.00011641
          0.00002265
          0.00000003





   AtA
         -0.00518501          0.17040907         -0.00128987         -0.06729752          0.00285375          0.03314950          0.00281582         -0.01309132          0.00002980
          0.00004008          0.00000841         -0.00001583         -1.09071690         -0.18049068         -0.27133555          0.06446543          0.60031411         -0.03511067
          0.59233376          0.01254039          0.00626959         -0.00004245          0.00176856          0.00001516         -0.00016318          0.01008161         -0.00004059
          0.00283209          0.00008981          0.00196117          0.00008862          0.00055092          0.00000094          0.00000237          0.00000026          0.00000067

NumIt:4
Calculation of normal equal by using RMS...

   AtA
          1.55011475          0.17499610          0.65156241         -0.06247410
          0.17499610          0.06405327          0.02804953         -0.02394816
          0.65156241          0.02804953          0.42449499         -0.01001376
         -0.06247410         -0.02394816         -0.01001376          0.00902172


   E
          1.00000000         -0.00000000         -0.00000000          0.00000000
          0.00000000          1.00000000         -0.00000000          0.00000000
          0.00000000         -0.00000000          1.00000000          0.00000000
         -0.00000000          0.00000000          0.00000000          1.00000000


   AtAinv
          5.20280413        -77.23914506         -7.05351491       -176.83186223
        -77.23914506       3240.27121665         97.27941628       8174.41023012
         -7.05351491         97.27941628         12.00803305        222.71220546
       -176.83186223       8174.41023012        222.71220546      20832.49207152

mu=0.0344877701514174
m 1=    0.078665
m 2=    1.963160
m 3=    0.119509
m 4=    4.977780
   X
          0.01586417
         -0.01783361
          0.07063873
          0.10622738


hmin=1.000000 sgmMin=0.026785
pars[  0]=          0.37652424
pars[  1]=          0.17434426
pars[  2]=         11.52432798
pars[  3]=         12.31233563
          0.03293034
         -0.07047533
         -0.02298654
         -0.02526496
          0.00257943
          0.00004663
          0.00004623
          0.00000595
          0.00000000





   AtA
         -0.04677147          0.67370898         -0.00302724         -0.39647509          0.02414582          0.08668945          0.01938552         -0.05101640          0.00008336
          0.00004031          0.00002150         -0.00002372         -1.10689810         -0.67778811         -0.07164290          0.39540358          0.57143723         -0.08721433
          0.45877957          0.05087852          0.00197288         -0.00004056          0.00050875          0.00002366         -0.00006566          0.00407913         -0.00000425
          0.00107151          0.00003390          0.00052488          0.00002721          0.00013788          0.00000012          0.00000024          0.00000003          0.00000006

NumIt:5
Calculation of normal equal by using RMS...

   AtA
          1.55453841          0.67098736          0.34207579         -0.39128572
          0.67098736          0.92841883          0.00818757         -0.54396415
          0.34207579          0.00818757          0.21599662         -0.00477458
         -0.39128572         -0.54396415         -0.00477458          0.31872895


   E
          1.00000000          0.00000000         -0.00000000          0.00000000
         -0.00000000          1.00000000         -0.00000000          0.00000000
         -0.00000000          0.00000000          1.00000000          0.00000000
          0.00000000         -0.00000000          0.00000000          1.00000000


   AtAinv
          2.73009136       -160.70011851         -4.22199489       -270.97323906
       -160.70011851      28251.29219189        245.12650927      48021.93487408
         -4.22199489        245.12650927         11.16102123        413.33338650
       -270.97323906      48021.93487408        413.33338650      81634.11750230

mu=0.0347733775253495
m 1=    0.057456
m 2=    5.844751
m 3=    0.116171
m 4=    9.935340
   X
          0.00089610
          0.01880291
          0.00433333
         -0.02735734


hmin=2.000000 sgmMin=0.024222
pars[  0]=          0.37473204
pars[  1]=          0.13673844
pars[  2]=         11.51566132
pars[  3]=         12.36705030
          0.00398082
         -0.07422717
         -0.02298831
          0.00633209
          0.00119466
          0.00004073
          0.00000278
          0.00000034
          0.00000000





   AtA
         -0.00565088          0.20678064         -0.00023634         -0.08236694          0.00288389          0.02521764          0.00226261         -0.01004495          0.00000867
          0.00001038          0.00000221         -0.00000414         -1.15113710         -0.20720404         -0.04814429          0.08227195          0.58747500         -0.02526928
          0.46091557          0.01003336          0.00176628         -0.00001041          0.00045069          0.00000413         -0.00000395          0.00042340         -0.00000017
          0.00009499          0.00000202          0.00005164          0.00000158          0.00001158          0.00000001          0.00000002          0.00000000          0.00000000

NumIt:6
Calculation of normal equal by using RMS...

   AtA
          1.67028686          0.22257941          0.32620571         -0.08837547
          0.22257941          0.08696640         -0.00166313         -0.03458578
          0.32620571         -0.00166313          0.21476641          0.00066035
         -0.08837547         -0.03458578          0.00066035          0.01375457


   E
          1.00000000         -0.00000000          0.00000000         -0.00000000
         -0.00000000          1.00000000          0.00000000         -0.00000000
         -0.00000000         -0.00000000          1.00000000         -0.00000000
          0.00000000          0.00000000         -0.00000000          1.00000000


   AtAinv
          2.52823771      -1378.27984580         -3.90788290      -3449.24461817
      -1378.27984580    2249251.54872672       2149.15343623    5646770.97609691
         -3.90788290       2149.15343623         10.69753661       5378.41131939
      -3449.24461817    5646770.97609691       5378.41131939   14176425.03343125

mu=0.0347240597786303
m 1=    0.055213
m 2=   52.077426
m 3=    0.113572
m 4=  130.741619
   X
         -0.00128232
         -0.00441427
          0.00211863
          0.04968145


hmin=1.000000 sgmMin=0.024051
pars[  0]=          0.37601436
pars[  1]=          0.14115271
pars[  2]=         11.51354268
pars[  3]=         12.31736885
          0.01237867
         -0.07320384
         -0.02298786
         -0.00345160
         -0.00005180
          0.00004162
          0.00000101
          0.00000012
          0.00000000





   AtA
         -0.01759258          0.44972933         -0.00063396         -0.21480323          0.00894650          0.05481619          0.00701233         -0.02618174          0.00002769
          0.00002336          0.00000708         -0.00001116         -1.13858987         -0.44989190         -0.04102988          0.21476843          0.57901654         -0.05483601
          0.45383705          0.02617750          0.00179210         -0.00002337          0.00045816          0.00001116         -0.00000143          0.00016257         -0.00000005
          0.00003480          0.00000073          0.00001981          0.00000057          0.00000424          0.00000000          0.00000001          0.00000000          0.00000000

NumIt:7
Calculation of normal equal by using RMS...

   AtA
          1.63203978          0.47306988          0.30957008         -0.22583123
          0.47306988          0.41067103         -0.00632833         -0.19609654
          0.30957008         -0.00632833          0.20770131          0.00302098
         -0.22583123         -0.19609654          0.00302098          0.09363665


   E
          1.00000000         -0.00000000          0.00000000         -0.00000001
         -0.00000000          1.00000000          0.00000000         -0.00000001
         -0.00000000         -0.00000000          1.00000000         -0.00000000
          0.00000000         -0.00000000         -0.00000000          1.00000000


   AtAinv
          2.48431169      -3836.73270116         -3.82326051      -8028.87959980
      -3836.73270116   17776612.85613766       6002.10635702   37218840.40671647
         -3.82326051       6002.10635703         10.70152052      12560.21543132
      -8028.87959980   37218840.40671647      12560.21543132   77924993.96185595

mu=0.0347224485352766
m 1=    0.054728
m 2=  146.397901
m 3=    0.113588
m 4=  306.512882
   X
         -0.00002149
          0.00798257
         -0.00167859
          0.00086197


hmin=0.500000 sgmMin=0.024026
pars[  0]=          0.37602511
pars[  1]=          0.13716142
pars[  2]=         11.51438198
pars[  3]=         12.31693787
          0.01073130
         -0.07339937
         -0.02298794
         -0.00185221
          0.00053745
          0.00004211
          0.00000051
          0.00000006
          0.00000000





   AtA
         -0.01525058          0.41947088         -0.00058365         -0.19540530          0.00776482          0.05133412          0.00609691         -0.02391336          0.00002421
          0.00002200          0.00000619         -0.00001025         -1.14080593         -0.41956004         -0.04365922          0.19538678          0.58084049         -0.05134503
          0.45607413          0.02391110          0.00181119         -0.00002201          0.00046332          0.00001025         -0.00000072          0.00008916         -0.00000003
          0.00001852          0.00000037          0.00001091          0.00000029          0.00000227          0.00000000          0.00000000          0.00000000          0.00000000

NumIt:8
Calculation of normal equal by using RMS...

   AtA
          1.63911000          0.44281470          0.31477011         -0.20621549
          0.44281470          0.35725796         -0.00503133         -0.16639861
          0.31477011         -0.00503133          0.20994747          0.00234305
         -0.20621549         -0.16639861          0.00234305          0.07750282


   E
          1.00000000          0.00000000          0.00000001         -0.00000001
          0.00000000          1.00000000          0.00000000         -0.00000001
          0.00000000         -0.00000000          1.00000000         -0.00000000
         -0.00000000         -0.00000000         -0.00000000          1.00000000


   AtAinv
          2.50222340      -7031.05517877         -3.85373120     -15088.90662456
      -7031.05517877   59273651.62977714      10978.20952766  127241536.21518248
         -3.85373120      10978.20952765         10.70048869      23559.64705780
     -15088.90662456  127241536.21518248      23559.64705780  273146829.71025354

mu=0.0347234412144897
m 1=    0.054927
m 2=  267.333633
m 3=    0.113586
m 4=  573.879671
   X
          0.00002829
          0.00730315
         -0.00055323
          0.00686102


hmin=0.500000 sgmMin=0.024021
pars[  0]=          0.37601097
pars[  1]=          0.13350985
pars[  2]=         11.51465859
pars[  3]=         12.31350736
          0.00987875
         -0.07350225
         -0.02298799
         -0.00099538
          0.00075995
          0.00004226
          0.00000023
          0.00000003
          0.00000000





   AtA
         -0.01403855          0.40646831         -0.00054763         -0.18679583          0.00715059          0.04980239          0.00561764         -0.02288710          0.00002234
          0.00002137          0.00000572         -0.00000982         -1.14198805         -0.40651214         -0.04454777          0.18678702          0.58167609         -0.04980776
          0.45697577          0.02288602          0.00181709         -0.00002138          0.00046490          0.00000982         -0.00000032          0.00004384         -0.00000001
          0.00000881          0.00000016          0.00000537          0.00000013          0.00000108          0.00000000          0.00000000          0.00000000          0.00000000

NumIt:9
Calculation of normal equal by using RMS...

   AtA
          1.64273528          0.42990987          0.31673359         -0.19753759
          0.42990987          0.33542970         -0.00459456         -0.15413751
          0.31673359         -0.00459456          0.21084343          0.00211114
         -0.19753759         -0.15413751          0.00211114          0.07082966


   E
          0.99999999          0.00000001         -0.00000004          0.00000008
         -0.00000000          1.00000002         -0.00000001          0.00000004
         -0.00000000         -0.00000000          0.99999999          0.00000001
          0.00000000         -0.00000001          0.00000000          0.99999999


   AtAinv
          2.50814359     -14402.77743358         -3.86391257     -31335.80684360
     -14402.77743359  248150184.64459455      22474.62798112  539976577.21038365
         -3.86391255      22474.62798113         10.69730588      48897.55497269
     -31335.80684364  539976577.21038365      48897.55497268 1174992922.90255284

mu=0.0347235843387229
m 1=    0.054992
m 2=  546.993103
m 3=    0.113570
m 4= 1190.260919
   X
          0.00002601
          0.00810547
         -0.00012013
          0.01303570


hmin=0.500000 sgmMin=0.024019
pars[  0]=          0.37599796
pars[  1]=          0.12945711
pars[  2]=         11.51471866
pars[  3]=         12.30698951
          0.00944560
         -0.07355511
         -0.02298801
         -0.00054977
          0.00083295
          0.00004228
          0.00000008
          0.00000001
          0.00000000





   AtA
         -0.01342282          0.40559198         -0.00052578         -0.18518053          0.00683759          0.04970430          0.00537222         -0.02269342          0.00002136
          0.00002133          0.00000547         -0.00000974         -1.14260461         -0.40560852         -0.04475623          0.18517734          0.58204310         -0.04970633
          0.45730535          0.02269303          0.00181830         -0.00002133          0.00046521          0.00000974         -0.00000011          0.00001654         -0.00000000
          0.00000319          0.00000006          0.00000203          0.00000004          0.00000039          0.00000000          0.00000000          0.00000000          0.00000000

NumIt:10
Calculation of normal equal by using RMS...

   AtA
          1.64454969          0.42941457          0.31735474         -0.19604567
          0.42941457          0.33396437         -0.00452370         -0.15247320
          0.31735474         -0.00452370          0.21116065          0.00206526
         -0.19604567         -0.15247320          0.00206526          0.06961244


   E
          1.00000001          0.00000012         -0.00000010         -0.00000037
         -0.00000001          1.00000015         -0.00000001         -0.00000023
         -0.00000000         -0.00000003          0.99999997         -0.00000004
          0.00000000         -0.00000007          0.00000000          1.00000009


   AtAinv
          2.50940496     -38585.95012122         -3.86618981     -84508.21291182
     -38585.95012113 1780282576.17460132      60203.91910717 3899269609.64798641
         -3.86618982      60203.91910720         10.69414680     131854.35629281
     -84508.21291161 3899269609.64798546     131854.35629274 8540387768.87221241

mu=0.0347235923078730
m 1=    0.055006
m 2= 1465.106244
m 3=    0.113553
m 4= 3208.953644
   X
          0.00001547
          0.01389812
          0.00002426
          0.02814728


hmin=1.000000 sgmMin=0.024019
pars[  0]=          0.37598250
pars[  1]=          0.11555899
pars[  2]=         11.51469440
pars[  3]=         12.27884224
