          0.00057763
          0.11340227
          0.12637465
          0.01619235
          0.25643019
         -0.20545978
         -0.10107484
         -0.00109801
          0.00087541
         -0.01119431
         -0.15102655
         -0.02928650
         -0.00074142
         -0.00482456
         -0.01657356
         -0.00208630
         -0.00148057





   AtA
         -0.03361717         -0.01680003          0.06491143          0.00795877         -0.18861044         -0.31965530         -0.07645298          0.15143214          0.19474637         -0.29722731         -0.04501172          0.14080720         -0.07660363          0.01010372          0.14791403         -0.02056361         -0.42978767
          0.19224418         -0.17421384         -0.39126533          0.44376964          0.17875574         -0.10256845         -0.36381296          0.06269408          0.00796115          0.12742015         -0.01620294          0.00014639          0.00001051          0.00058925         -0.00002139         -0.00920614          0.00741408
          0.01777614          0.01041645         -0.05165139          0.14106826         -0.02093682          0.19819453          0.05333173          0.13117048         -0.01232656          0.18428860          0.00753450          0.00584187          0.01531321          0.00820756          0.00001759          0.00000771          0.00007082
          0.00001083         -0.00003769          0.00005972          0.00007278          0.00020355         -0.00021146          0.00113629         -0.00008572          0.00387290          0.00021834          0.00105657         -0.00005047          0.00360116          0.00003085          0.00004706          0.00006269          0.00016038

NumIt:1
Calculation of normal equal by using RMS...

   AtA
          0.47173155         -0.00091659          0.02986360          0.00542106
         -0.00091659          0.29708019         -0.01693989         -0.17871486
          0.02986360         -0.01693989          0.09221096          0.07686368
          0.00542106         -0.17871486          0.07686368          0.40240279


   E
          1.00000000          0.00000000         -0.00000000          0.00000000
          0.00000000          1.00000000         -0.00000000          0.00000000
         -0.00000000          0.00000000          1.00000000          0.00000000
         -0.00000000          0.00000000          0.00000000          1.00000000


   AtAinv
          2.17001278          0.04974571         -0.81792313          0.14909221
          0.04974571          4.67633038         -1.05575571          2.27784037
         -0.81792313         -1.05575571         13.43669505         -3.02443004
          0.14909221          2.27784037         -3.02443004          4.07239852

mu=0.0469094631067623
m 1=    0.069102
m 2=    0.101441
m 3=    0.171952
m 4=    0.094664
   X
         -0.43207213
         -0.39638121
         -0.30586217
         -0.16065824

pars[  0]=         12.40679332
pars[  1]=         12.68113957
pars[  2]=          0.80586217
pars[  3]=          0.66065824
         -0.00096120
          0.01404486
          0.06527873
          0.02053127
          0.08335431
         -0.25225020
         -0.00376444
          0.01142079
          0.01032452
          0.02869231
         -0.05147112
          0.02954366
          0.00611720
         -0.00393394
         -0.01061909
          0.00835821
          0.00325830





   AtA
         -0.01496525         -0.01297443          0.02501159          0.01190958         -0.04784088         -0.08819498          0.00451825          0.08095659          0.00848986         -0.15285444         -0.07254897          0.14030928         -0.05459082         -0.00712342          0.09123827         -0.02440416         -0.17451586
         -0.04842214          0.01648186         -0.16588968          0.03096965         -0.08392246         -0.26464705         -0.28751040          0.16368309         -0.03760960          0.07371762         -0.12884695          0.03603031         -0.00427208          0.06918489         -0.01463575         -0.02987636          0.01779111
          0.04993270          0.00365958         -0.09550870          0.12093684          0.00902016          0.02487637          0.01694901          0.20960073         -0.14483552          0.04311428          0.08958017          0.09393195          0.04034404          0.01932154          0.01971860          0.01066975          0.03786337
          0.00219474         -0.00234727          0.00319460          0.00392302          0.00627608         -0.00750375          0.02171559          0.00070868          0.04266225          0.00133162          0.03763621         -0.01137917          0.07393974          0.00703797          0.01686656          0.00316968          0.03313588

NumIt:2
Calculation of normal equal by using RMS...

   AtA
          0.08389852          0.00313973         -0.00315532         -0.00308251
          0.00313973          0.11217683          0.00352849          0.02673906
         -0.00315532          0.00352849          0.12153298          0.04544528
         -0.00308251          0.02673906          0.04544528          0.16526916


   E
          1.00000000          0.00000000         -0.00000000         -0.00000000
          0.00000000          1.00000000          0.00000000         -0.00000000
         -0.00000000          0.00000000          1.00000000          0.00000000
         -0.00000000          0.00000000          0.00000000          1.00000000


   AtAinv
         11.95104514         -0.39470330          0.23909401          0.22101860
         -0.39470330          9.29665857          0.31769974         -1.59883738
          0.23909401          0.31769974          9.18743851         -2.57327925
          0.22101860         -1.59883738         -2.57327925          7.02112898

mu=0.0355668585668130
m 1=    0.122956
m 2=    0.108445
m 3=    0.107806
m 4=    0.094243
   X
         -0.26419798
         -0.05936940
          0.51162045
          0.27643272

pars[  0]=         12.67099130
pars[  1]=         12.74050897
pars[  2]=          0.29424172
pars[  3]=          0.38422552
         -0.00669145
         -0.02457699
          0.02137955
         -0.00037174
         -0.05012294
          0.11757758
         -0.01741974
         -0.00111253
         -0.00111524
         -0.04608128
          0.02758107
          0.00270894
         -0.00074255
         -0.00483271
         -0.01672198
         -0.00175506
         -0.00141236





   AtA
         -0.00000000         -0.00000000          0.00000003          0.00000000         -0.00289627         -0.00196445          0.00648351          0.00374278         -0.01721394         -0.14051608         -0.02853518          0.26771853         -0.00000012         -0.00000001          0.00000070         -0.00000001         -0.07557647
         -0.00787336          0.16918358         -0.01031366         -0.44918809         -0.56317633         -0.74460961         -0.73772930          0.52472175         -0.08840079          0.57523436         -0.11580007          0.00004293         -0.00000248          0.00019096         -0.00000325         -0.00000004          0.00000001
          0.00000024          0.00000000         -0.02623031          0.00977761          0.05871851          0.00637188         -0.15589961          0.69938579         -0.25843149          0.45577630          0.18211506          0.10978135          0.19964646          0.07154240          0.00001490          0.00000308          0.00006628
          0.00000201         -0.00000000          0.00000000          0.00000000          0.00000000         -0.00005832          0.00006069          0.00013055          0.00019684         -0.00034663          0.00434098         -0.00057459          0.01407998          0.00040491          0.00068140          0.00044389          0.00221011

NumIt:3
Calculation of normal equal by using RMS...

   AtA
          0.54127827          0.12030701          0.69910205          0.20857901
          0.12030701          0.84610025          0.21290629          0.71490602
          0.69910205          0.21290629          1.02491140          0.37021141
          0.20857901          0.71490602          0.37021141          0.84254188


   E
          1.00000000         -0.00000000          0.00000000          0.00000000
          0.00000000          1.00000000          0.00000000         -0.00000000
          0.00000000         -0.00000000          1.00000000         -0.00000000
          0.00000000         -0.00000000          0.00000000          1.00000000


   AtAinv
         16.46141424         -1.05857467        -11.72141135          1.97340481
         -1.05857467          4.46151938          1.26952733         -4.08141623
        -11.72141135          1.26952733          9.56659084         -2.37900753
          1.97340481         -4.08141623         -2.37900753          5.20680817

mu=0.0133281944025953
m 1=    0.054076
m 2=    0.028152
m 3=    0.041224
m 4=    0.030413
   X
          0.27629676
         -0.02749872
         -0.29884371
          0.00775020

pars[  0]=         12.39469454
pars[  1]=         12.76800769
pars[  2]=          0.59308543
pars[  3]=          0.37647532
         -0.00649027
         -0.01971951
          0.01036870
          0.00633097
          0.11409467
         -0.07875310
         -0.00723906
          0.00133486
          0.00143383
          0.01665756
         -0.02660905
          0.00979464
          0.00018829
         -0.00482733
         -0.01658983
         -0.00189340
         -0.00140115





   AtA
         -0.00090645         -0.00127428          0.00211444          0.00256912         -0.01053978         -0.03285751          0.00545237          0.06624511          0.00295038         -0.07980216         -0.01621807          0.16089177         -0.03019954         -0.00698484          0.07044579         -0.00759909         -0.35114809
         -0.18010523          0.18165358         -0.19594368          0.09829620         -0.43742773         -0.54032860         -0.47589512          0.27078271         -0.11138625          0.25421992         -0.12118156          0.01237902         -0.00255322          0.03329666         -0.00277775         -0.01148500          0.00820923
          0.02679081          0.00486707         -0.13354297          0.21167648          0.06908355          0.12549819          0.03738242          0.51410589         -0.20548904          0.30480173          0.10297970          0.13091152          0.09668081          0.07761447          0.00470779          0.00300079          0.01266285
          0.00177910         -0.00002425          0.00005007          0.00005657          0.00016205         -0.00028199          0.00129097          0.00014587          0.00417844          0.00007894          0.00313543         -0.00043390          0.01014833          0.00021745          0.00079840          0.00020415          0.00258416

NumIt:4
Calculation of normal equal by using RMS...

   AtA
          0.23746646         -0.00527225         -0.05708293         -0.00823785
         -0.00527225          0.57003090          0.09775047          0.43550949
         -0.05708293          0.09775047          0.45317309          0.14155850
         -0.00823785          0.43550949          0.14155850          0.42473361


   E
          1.00000000          0.00000000          0.00000000         -0.00000000
         -0.00000000          1.00000000         -0.00000000          0.00000000
         -0.00000000          0.00000000          1.00000000          0.00000000
         -0.00000000          0.00000000         -0.00000000          1.00000000


   AtAinv
          4.34878819          0.11686136          0.59567678         -0.23401186
          0.11686136          8.48215246          1.00592712         -9.03034912
          0.59567678          1.00592712          2.66025999         -1.90652709
         -0.23401186         -9.03034912         -1.90652709         12.24475772

mu=0.0133935463063313
m 1=    0.027931
m 2=    0.039008
m 3=    0.021845
m 4=    0.046867
   X
         -0.18643967
          0.01222143
          0.13803979
         -0.03638001

pars[  0]=         12.58113421
pars[  1]=         12.75578626
pars[  2]=          0.45504564
pars[  3]=          0.41285534
